        9 1
        10 1
        13 1
        32 1
        33 2
        34 3
        37 4
        38 5
        39 6
        40 7
        41 8
        42 9
        43 10
        44 11
        45 12
        46 13
        47 14
        48 15
        49 15
        50 15
        51 15
        52 15
        53 15
        54 15
        55 15
        56 15
        57 15
        58 16
        59 17
        60 18
        61 19
        62 20
        65 21
        66 21
        67 21
        68 21
        69 21
        70 21
        71 21
        72 21
        73 21
        74 21
        75 21
        76 21
        77 21
        78 21
        79 21
        80 21
        81 21
        82 21
        83 21
        84 21
        85 21
        86 21
        87 21
        88 21
        89 21
        90 21
        91 22
        93 23
        94 24
        95 21
        97 21
        98 25
        99 26
        100 27
        101 28
        102 29
        103 21
        104 21
        105 30
        106 21
        107 21
        108 21
        109 21
        110 21
        111 21
        112 21
        113 21
        114 31
        115 32
        116 33
        117 21
        118 34
        119 35
        120 21
        121 21
        122 21
        123 36
        124 37
        125 38
        126 39
        9 1
        10 1
        13 1
        32 1
        61 40
        9 3
        32 3
        33 3
        34 41
        35 3
        36 3
        37 3
        38 3
        39 3
        40 3
        41 3
        42 3
        43 3
        44 3
        45 3
        46 3
        47 3
        48 3
        49 3
        50 3
        51 3
        52 3
        53 3
        54 3
        55 3
        56 3
        57 3
        58 3
        59 3
        60 3
        61 3
        62 3
        63 3
        64 3
        65 3
        66 3
        67 3
        68 3
        69 3
        70 3
        71 3
        72 3
        73 3
        74 3
        75 3
        76 3
        77 3
        78 3
        79 3
        80 3
        81 3
        82 3
        83 3
        84 3
        85 3
        86 3
        87 3
        88 3
        89 3
        90 3
        91 3
        92 3
        93 3
        94 3
        95 3
        96 3
        97 3
        98 3
        99 3
        100 3
        101 3
        102 3
        103 3
        104 3
        105 3
        106 3
        107 3
        108 3
        109 3
        110 3
        111 3
        112 3
        113 3
        114 3
        115 3
        116 3
        117 3
        118 3
        119 3
        120 3
        121 3
        122 3
        123 3
        124 3
        125 3
        126 3
        161 3
        162 3
        163 3
        164 3
        165 3
        166 3
        167 3
        168 3
        169 3
        170 3
        171 3
        172 3
        173 3
        174 3
        175 3
        176 3
        177 3
        178 3
        179 3
        180 3
        181 3
        182 3
        183 3
        184 3
        185 3
        186 3
        187 3
        188 3
        189 3
        190 3
        191 3
        192 3
        193 3
        194 3
        195 3
        196 3
        197 3
        198 3
        199 3
        200 3
        201 3
        202 3
        203 3
        204 3
        205 3
        206 3
        207 3
        208 3
        209 3
        210 3
        211 3
        212 3
        213 3
        214 3
        215 3
        216 3
        217 3
        218 3
        219 3
        220 3
        221 3
        222 3
        223 3
        224 3
        225 3
        226 3
        227 3
        228 3
        229 3
        230 3
        231 3
        232 3
        233 3
        234 3
        235 3
        236 3
        237 3
        238 3
        239 3
        240 3
        241 3
        242 3
        243 3
        244 3
        245 3
        246 3
        247 3
        248 3
        249 3
        250 3
        251 3
        252 3
        253 3
        254 3
        255 3
        38 42
        9 6
        32 6
        33 6
        34 6
        35 6
        36 6
        37 6
        38 6
        39 43
        40 6
        41 6
        42 6
        43 6
        44 6
        45 6
        46 6
        47 6
        48 6
        49 6
        50 6
        51 6
        52 6
        53 6
        54 6
        55 6
        56 6
        57 6
        58 6
        59 6
        60 6
        61 6
        62 6
        63 6
        64 6
        65 6
        66 6
        67 6
        68 6
        69 6
        70 6
        71 6
        72 6
        73 6
        74 6
        75 6
        76 6
        77 6
        78 6
        79 6
        80 6
        81 6
        82 6
        83 6
        84 6
        85 6
        86 6
        87 6
        88 6
        89 6
        90 6
        91 6
        92 6
        93 6
        94 6
        95 6
        96 6
        97 6
        98 6
        99 6
        100 6
        101 6
        102 6
        103 6
        104 6
        105 6
        106 6
        107 6
        108 6
        109 6
        110 6
        111 6
        112 6
        113 6
        114 6
        115 6
        116 6
        117 6
        118 6
        119 6
        120 6
        121 6
        122 6
        123 6
        124 6
        125 6
        126 6
        161 6
        162 6
        163 6
        164 6
        165 6
        166 6
        167 6
        168 6
        169 6
        170 6
        171 6
        172 6
        173 6
        174 6
        175 6
        176 6
        177 6
        178 6
        179 6
        180 6
        181 6
        182 6
        183 6
        184 6
        185 6
        186 6
        187 6
        188 6
        189 6
        190 6
        191 6
        192 6
        193 6
        194 6
        195 6
        196 6
        197 6
        198 6
        199 6
        200 6
        201 6
        202 6
        203 6
        204 6
        205 6
        206 6
        207 6
        208 6
        209 6
        210 6
        211 6
        212 6
        213 6
        214 6
        215 6
        216 6
        217 6
        218 6
        219 6
        220 6
        221 6
        222 6
        223 6
        224 6
        225 6
        226 6
        227 6
        228 6
        229 6
        230 6
        231 6
        232 6
        233 6
        234 6
        235 6
        236 6
        237 6
        238 6
        239 6
        240 6
        241 6
        242 6
        243 6
        244 6
        245 6
        246 6
        247 6
        248 6
        249 6
        250 6
        251 6
        252 6
        253 6
        254 6
        255 6
        47 44
        43 45
        45 46
        42 47
        47 48
        46 49
        48 15
        49 15
        50 15
        51 15
        52 15
        53 15
        54 15
        55 15
        56 15
        57 15
        65 21
        66 21
        67 21
        68 21
        69 21
        70 21
        71 21
        72 21
        73 21
        74 21
        75 21
        76 21
        77 21
        78 21
        79 21
        80 21
        81 21
        82 21
        83 21
        84 21
        85 21
        86 21
        87 21
        88 21
        89 21
        90 21
        95 21
        97 21
        98 21
        99 21
        100 21
        101 21
        102 21
        103 21
        104 21
        105 21
        106 21
        107 21
        108 21
        109 21
        110 21
        111 21
        112 21
        113 21
        114 21
        115 21
        116 21
        117 21
        118 21
        119 21
        120 21
        121 21
        122 21
        60 50
        61 51
        61 52
        61 53
        62 54
        48 21
        49 21
        50 21
        51 21
        52 21
        53 21
        54 21
        55 21
        56 21
        57 21
        65 21
        66 21
        67 21
        68 21
        69 21
        70 21
        71 21
        72 21
        73 21
        74 21
        75 21
        76 21
        77 21
        78 21
        79 21
        80 21
        81 21
        82 21
        83 21
        84 21
        85 21
        86 21
        87 21
        88 21
        89 21
        90 21
        95 21
        97 21
        98 21
        99 21
        100 21
        101 21
        102 21
        103 21
        104 21
        105 21
        106 21
        107 21
        108 21
        109 21
        110 21
        111 21
        112 21
        113 21
        114 21
        115 21
        116 21
        117 21
        118 21
        119 21
        120 21
        121 21
        122 21
        48 21
        49 21
        50 21
        51 21
        52 21
        53 21
        54 21
        55 21
        56 21
        57 21
        65 21
        66 21
        67 21
        68 21
        69 21
        70 21
        71 21
        72 21
        73 21
        74 21
        75 21
        76 21
        77 21
        78 21
        79 21
        80 21
        81 21
        82 21
        83 21
        84 21
        85 21
        86 21
        87 21
        88 21
        89 21
        90 21
        95 21
        97 21
        98 21
        99 21
        100 21
        101 55
        102 21
        103 21
        104 21
        105 21
        106 21
        107 21
        108 21
        109 21
        110 21
        111 56
        112 21
        113 21
        114 21
        115 21
        116 21
        117 21
        118 21
        119 21
        120 21
        121 21
        122 21
        48 21
        49 21
        50 21
        51 21
        52 21
        53 21
        54 21
        55 21
        56 21
        57 21
        65 21
        66 21
        67 21
        68 21
        69 21
        70 21
        71 21
        72 21
        73 21
        74 21
        75 21
        76 21
        77 21
        78 21
        79 21
        80 21
        81 21
        82 21
        83 21
        84 21
        85 21
        86 21
        87 21
        88 21
        89 21
        90 21
        95 21
        97 57
        98 21
        99 21
        100 21
        101 21
        102 21
        103 21
        104 58
        105 21
        106 21
        107 21
        108 21
        109 21
        110 21
        111 21
        112 21
        113 21
        114 21
        115 21
        116 21
        117 21
        118 21
        119 21
        120 21
        121 21
        122 21
        48 21
        49 21
        50 21
        51 21
        52 21
        53 21
        54 21
        55 21
        56 21
        57 21
        65 21
        66 21
        67 21
        68 21
        69 21
        70 21
        71 21
        72 21
        73 21
        74 21
        75 21
        76 21
        77 21
        78 21
        79 21
        80 21
        81 21
        82 21
        83 21
        84 21
        85 21
        86 21
        87 21
        88 21
        89 21
        90 21
        95 21
        97 21
        98 21
        99 21
        100 21
        101 21
        102 21
        103 21
        104 21
        105 21
        106 21
        107 21
        108 21
        109 21
        110 21
        111 59
        112 21
        113 21
        114 21
        115 21
        116 21
        117 21
        118 21
        119 21
        120 21
        121 21
        122 21
        48 21
        49 21
        50 21
        51 21
        52 21
        53 21
        54 21
        55 21
        56 21
        57 21
        65 21
        66 21
        67 21
        68 21
        69 21
        70 21
        71 21
        72 21
        73 21
        74 21
        75 21
        76 21
        77 21
        78 21
        79 21
        80 21
        81 21
        82 21
        83 21
        84 21
        85 21
        86 21
        87 21
        88 21
        89 21
        90 21
        95 21
        97 21
        98 21
        99 21
        100 21
        101 21
        102 21
        103 21
        104 21
        105 21
        106 21
        107 21
        108 60
        109 21
        110 61
        111 21
        112 21
        113 21
        114 21
        115 21
        116 21
        117 21
        118 21
        119 21
        120 21
        121 21
        122 21
        48 21
        49 21
        50 21
        51 21
        52 21
        53 21
        54 21
        55 21
        56 21
        57 21
        65 21
        66 21
        67 21
        68 21
        69 21
        70 21
        71 21
        72 21
        73 21
        74 21
        75 21
        76 21
        77 21
        78 21
        79 21
        80 21
        81 21
        82 21
        83 21
        84 21
        85 21
        86 21
        87 21
        88 21
        89 21
        90 21
        95 21
        97 62
        98 21
        99 21
        100 21
        101 21
        102 21
        103 21
        104 21
        105 21
        106 21
        107 21
        108 21
        109 21
        110 21
        111 63
        112 21
        113 21
        114 21
        115 21
        116 21
        117 21
        118 21
        119 21
        120 21
        121 21
        122 21
        48 21
        49 21
        50 21
        51 21
        52 21
        53 21
        54 21
        55 21
        56 21
        57 21
        65 21
        66 21
        67 21
        68 21
        69 21
        70 21
        71 21
        72 21
        73 21
        74 21
        75 21
        76 21
        77 21
        78 21
        79 21
        80 21
        81 21
        82 21
        83 21
        84 21
        85 21
        86 21
        87 21
        88 21
        89 21
        90 21
        95 21
        97 21
        98 21
        99 21
        100 21
        101 21
        102 64
        103 21
        104 21
        105 21
        106 21
        107 21
        108 21
        109 21
        110 65
        111 21
        112 21
        113 21
        114 21
        115 21
        116 21
        117 21
        118 21
        119 21
        120 21
        121 21
        122 21
        48 21
        49 21
        50 21
        51 21
        52 21
        53 21
        54 21
        55 21
        56 21
        57 21
        65 21
        66 21
        67 21
        68 21
        69 21
        70 21
        71 21
        72 21
        73 21
        74 21
        75 21
        76 21
        77 21
        78 21
        79 21
        80 21
        81 21
        82 21
        83 21
        84 21
        85 21
        86 21
        87 21
        88 21
        89 21
        90 21
        95 21
        97 21
        98 21
        99 21
        100 21
        101 66
        102 21
        103 21
        104 21
        105 21
        106 21
        107 21
        108 21
        109 21
        110 21
        111 21
        112 21
        113 21
        114 21
        115 21
        116 21
        117 21
        118 21
        119 21
        120 21
        121 21
        122 21
        48 21
        49 21
        50 21
        51 21
        52 21
        53 21
        54 21
        55 21
        56 21
        57 21
        65 21
        66 21
        67 21
        68 21
        69 21
        70 21
        71 21
        72 21
        73 21
        74 21
        75 21
        76 21
        77 21
        78 21
        79 21
        80 21
        81 21
        82 21
        83 21
        84 21
        85 21
        86 21
        87 21
        88 21
        89 21
        90 21
        95 21
        97 21
        98 21
        99 21
        100 21
        101 21
        102 21
        103 21
        104 21
        105 21
        106 21
        107 21
        108 21
        109 21
        110 21
        111 21
        112 21
        113 21
        114 21
        115 21
        116 67
        117 21
        118 21
        119 21
        120 21
        121 21
        122 21
        48 21
        49 21
        50 21
        51 21
        52 21
        53 21
        54 21
        55 21
        56 21
        57 21
        65 21
        66 21
        67 21
        68 21
        69 21
        70 21
        71 21
        72 21
        73 21
        74 21
        75 21
        76 21
        77 21
        78 21
        79 21
        80 21
        81 21
        82 21
        83 21
        84 21
        85 21
        86 21
        87 21
        88 21
        89 21
        90 21
        95 21
        97 21
        98 21
        99 21
        100 21
        101 21
        102 21
        103 21
        104 21
        105 21
        106 21
        107 21
        108 21
        109 21
        110 21
        111 21
        112 21
        113 21
        114 68
        115 21
        116 21
        117 21
        118 21
        119 21
        120 21
        121 21
        122 21
        48 21
        49 21
        50 21
        51 21
        52 21
        53 21
        54 21
        55 21
        56 21
        57 21
        65 21
        66 21
        67 21
        68 21
        69 21
        70 21
        71 21
        72 21
        73 21
        74 21
        75 21
        76 21
        77 21
        78 21
        79 21
        80 21
        81 21
        82 21
        83 21
        84 21
        85 21
        86 21
        87 21
        88 21
        89 21
        90 21
        95 21
        97 21
        98 21
        99 21
        100 21
        101 69
        102 21
        103 21
        104 21
        105 21
        106 21
        107 21
        108 21
        109 21
        110 21
        111 70
        112 21
        113 21
        114 21
        115 21
        116 21
        117 21
        118 21
        119 21
        120 21
        121 21
        122 21
        48 21
        49 21
        50 21
        51 21
        52 21
        53 21
        54 21
        55 21
        56 21
        57 21
        65 21
        66 21
        67 21
        68 21
        69 21
        70 21
        71 21
        72 21
        73 21
        74 21
        75 21
        76 21
        77 21
        78 21
        79 21
        80 21
        81 21
        82 21
        83 21
        84 21
        85 21
        86 21
        87 21
        88 21
        89 21
        90 21
        95 21
        97 21
        98 21
        99 21
        100 21
        101 21
        102 21
        103 21
        104 71
        105 21
        106 21
        107 21
        108 21
        109 21
        110 21
        111 21
        112 21
        113 21
        114 72
        115 21
        116 21
        117 21
        118 21
        119 21
        120 21
        121 21
        122 21
        124 73
        9 3
        32 3
        33 3
        34 41
        35 3
        36 3
        37 3
        38 3
        39 3
        40 3
        41 3
        42 3
        43 3
        44 3
        45 3
        46 3
        47 3
        48 3
        49 3
        50 3
        51 3
        52 3
        53 3
        54 3
        55 3
        56 3
        57 3
        58 3
        59 3
        60 3
        61 3
        62 3
        63 3
        64 3
        65 3
        66 3
        67 3
        68 3
        69 3
        70 3
        71 3
        72 3
        73 3
        74 3
        75 3
        76 3
        77 3
        78 3
        79 3
        80 3
        81 3
        82 3
        83 3
        84 3
        85 3
        86 3
        87 3
        88 3
        89 3
        90 3
        91 3
        92 3
        93 3
        94 3
        95 3
        96 3
        97 3
        98 3
        99 3
        100 3
        101 3
        102 3
        103 3
        104 3
        105 3
        106 3
        107 3
        108 3
        109 3
        110 3
        111 3
        112 3
        113 3
        114 3
        115 3
        116 3
        117 3
        118 3
        119 3
        120 3
        121 3
        122 3
        123 3
        124 3
        125 3
        126 3
        161 3
        162 3
        163 3
        164 3
        165 3
        166 3
        167 3
        168 3
        169 3
        170 3
        171 3
        172 3
        173 3
        174 3
        175 3
        176 3
        177 3
        178 3
        179 3
        180 3
        181 3
        182 3
        183 3
        184 3
        185 3
        186 3
        187 3
        188 3
        189 3
        190 3
        191 3
        192 3
        193 3
        194 3
        195 3
        196 3
        197 3
        198 3
        199 3
        200 3
        201 3
        202 3
        203 3
        204 3
        205 3
        206 3
        207 3
        208 3
        209 3
        210 3
        211 3
        212 3
        213 3
        214 3
        215 3
        216 3
        217 3
        218 3
        219 3
        220 3
        221 3
        222 3
        223 3
        224 3
        225 3
        226 3
        227 3
        228 3
        229 3
        230 3
        231 3
        232 3
        233 3
        234 3
        235 3
        236 3
        237 3
        238 3
        239 3
        240 3
        241 3
        242 3
        243 3
        244 3
        245 3
        246 3
        247 3
        248 3
        249 3
        250 3
        251 3
        252 3
        253 3
        254 3
        255 3
        9 6
        32 6
        33 6
        34 6
        35 6
        36 6
        37 6
        38 6
        39 43
        40 6
        41 6
        42 6
        43 6
        44 6
        45 6
        46 6
        47 6
        48 6
        49 6
        50 6
        51 6
        52 6
        53 6
        54 6
        55 6
        56 6
        57 6
        58 6
        59 6
        60 6
        61 6
        62 6
        63 6
        64 6
        65 6
        66 6
        67 6
        68 6
        69 6
        70 6
        71 6
        72 6
        73 6
        74 6
        75 6
        76 6
        77 6
        78 6
        79 6
        80 6
        81 6
        82 6
        83 6
        84 6
        85 6
        86 6
        87 6
        88 6
        89 6
        90 6
        91 6
        92 6
        93 6
        94 6
        95 6
        96 6
        97 6
        98 6
        99 6
        100 6
        101 6
        102 6
        103 6
        104 6
        105 6
        106 6
        107 6
        108 6
        109 6
        110 6
        111 6
        112 6
        113 6
        114 6
        115 6
        116 6
        117 6
        118 6
        119 6
        120 6
        121 6
        122 6
        123 6
        124 6
        125 6
        126 6
        161 6
        162 6
        163 6
        164 6
        165 6
        166 6
        167 6
        168 6
        169 6
        170 6
        171 6
        172 6
        173 6
        174 6
        175 6
        176 6
        177 6
        178 6
        179 6
        180 6
        181 6
        182 6
        183 6
        184 6
        185 6
        186 6
        187 6
        188 6
        189 6
        190 6
        191 6
        192 6
        193 6
        194 6
        195 6
        196 6
        197 6
        198 6
        199 6
        200 6
        201 6
        202 6
        203 6
        204 6
        205 6
        206 6
        207 6
        208 6
        209 6
        210 6
        211 6
        212 6
        213 6
        214 6
        215 6
        216 6
        217 6
        218 6
        219 6
        220 6
        221 6
        222 6
        223 6
        224 6
        225 6
        226 6
        227 6
        228 6
        229 6
        230 6
        231 6
        232 6
        233 6
        234 6
        235 6
        236 6
        237 6
        238 6
        239 6
        240 6
        241 6
        242 6
        243 6
        244 6
        245 6
        246 6
        247 6
        248 6
        249 6
        250 6
        251 6
        252 6
        253 6
        254 6
        255 6
        9 47
        10 47
        32 47
        33 47
        34 47
        35 47
        36 47
        37 47
        38 47
        39 47
        40 47
        41 47
        42 47
        43 47
        44 47
        45 47
        46 47
        47 47
        48 47
        49 47
        50 47
        51 47
        52 47
        53 47
        54 47
        55 47
        56 47
        57 47
        58 47
        59 47
        60 47
        61 47
        62 47
        63 47
        64 47
        65 47
        66 47
        67 47
        68 47
        69 47
        70 47
        71 47
        72 47
        73 47
        74 47
        75 47
        76 47
        77 47
        78 47
        79 47
        80 47
        81 47
        82 47
        83 47
        84 47
        85 47
        86 47
        87 47
        88 47
        89 47
        90 47
        91 47
        92 47
        93 47
        94 47
        95 47
        96 47
        97 47
        98 47
        99 47
        100 47
        101 47
        102 47
        103 47
        104 47
        105 47
        106 47
        107 47
        108 47
        109 47
        110 47
        111 47
        112 47
        113 47
        114 47
        115 47
        116 47
        117 47
        118 47
        119 47
        120 47
        121 47
        122 47
        123 47
        124 47
        125 47
        126 47
        9 74
        32 74
        33 74
        34 74
        35 74
        36 74
        37 74
        38 74
        39 74
        40 74
        41 74
        42 74
        43 74
        44 74
        45 74
        46 74
        47 48
        48 74
        49 74
        50 74
        51 74
        52 74
        53 74
        54 74
        55 74
        56 74
        57 74
        58 74
        59 74
        60 74
        61 74
        62 74
        63 74
        64 74
        65 74
        66 74
        67 74
        68 74
        69 74
        70 74
        71 74
        72 74
        73 74
        74 74
        75 74
        76 74
        77 74
        78 74
        79 74
        80 74
        81 74
        82 74
        83 74
        84 74
        85 74
        86 74
        87 74
        88 74
        89 74
        90 74
        91 74
        92 74
        93 74
        94 74
        95 74
        96 74
        97 74
        98 74
        99 74
        100 74
        101 74
        102 74
        103 74
        104 74
        105 74
        106 74
        107 74
        108 74
        109 74
        110 74
        111 74
        112 74
        113 74
        114 74
        115 74
        116 74
        117 74
        118 74
        119 74
        120 74
        121 74
        122 74
        123 74
        124 74
        125 74
        126 74
        161 74
        162 74
        163 74
        164 74
        165 74
        166 74
        167 74
        168 74
        169 74
        170 74
        171 74
        172 74
        173 74
        174 74
        175 74
        176 74
        177 74
        178 74
        179 74
        180 74
        181 74
        182 74
        183 74
        184 74
        185 74
        186 74
        187 74
        188 74
        189 74
        190 74
        191 74
        192 74
        193 74
        194 74
        195 74
        196 74
        197 74
        198 74
        199 74
        200 74
        201 74
        202 74
        203 74
        204 74
        205 74
        206 74
        207 74
        208 74
        209 74
        210 74
        211 74
        212 74
        213 74
        214 74
        215 74
        216 74
        217 74
        218 74
        219 74
        220 74
        221 74
        222 74
        223 74
        224 74
        225 74
        226 74
        227 74
        228 74
        229 74
        230 74
        231 74
        232 74
        233 74
        234 74
        235 74
        236 74
        237 74
        238 74
        239 74
        240 74
        241 74
        242 74
        243 74
        244 74
        245 74
        246 74
        247 74
        248 74
        249 74
        250 74
        251 74
        252 74
        253 74
        254 74
        255 74
        48 75
        49 75
        50 75
        51 75
        52 75
        53 75
        54 75
        55 75
        56 75
        57 75
        48 21
        49 21
        50 21
        51 21
        52 21
        53 21
        54 21
        55 21
        56 21
        57 21
        65 21
        66 21
        67 21
        68 21
        69 21
        70 21
        71 21
        72 21
        73 21
        74 21
        75 21
        76 21
        77 21
        78 21
        79 21
        80 21
        81 21
        82 21
        83 21
        84 21
        85 21
        86 21
        87 21
        88 21
        89 21
        90 21
        95 21
        97 21
        98 21
        99 21
        100 21
        101 21
        102 21
        103 76
        104 21
        105 21
        106 21
        107 21
        108 21
        109 21
        110 21
        111 21
        112 21
        113 21
        114 21
        115 21
        116 21
        117 21
        118 21
        119 21
        120 21
        121 21
        122 21
        48 21
        49 21
        50 21
        51 21
        52 21
        53 21
        54 21
        55 21
        56 21
        57 21
        65 21
        66 21
        67 21
        68 21
        69 21
        70 21
        71 21
        72 21
        73 21
        74 21
        75 21
        76 21
        77 21
        78 21
        79 21
        80 21
        81 21
        82 21
        83 21
        84 21
        85 21
        86 21
        87 21
        88 21
        89 21
        90 21
        95 21
        97 21
        98 21
        99 21
        100 21
        101 21
        102 21
        103 21
        104 21
        105 21
        106 21
        107 21
        108 21
        109 21
        110 21
        111 77
        112 21
        113 21
        114 21
        115 21
        116 21
        117 21
        118 21
        119 21
        120 21
        121 21
        122 21
        48 21
        49 21
        50 21
        51 21
        52 21
        53 21
        54 21
        55 21
        56 21
        57 21
        65 21
        66 21
        67 21
        68 21
        69 21
        70 21
        71 21
        72 21
        73 21
        74 21
        75 21
        76 21
        77 21
        78 21
        79 21
        80 21
        81 21
        82 21
        83 21
        84 21
        85 21
        86 21
        87 21
        88 21
        89 21
        90 21
        95 21
        97 21
        98 21
        99 21
        100 21
        101 21
        102 21
        103 21
        104 21
        105 21
        106 21
        107 21
        108 21
        109 21
        110 21
        111 21
        112 21
        113 21
        114 21
        115 78
        116 21
        117 21
        118 21
        119 21
        120 21
        121 21
        122 21
        48 21
        49 21
        50 21
        51 21
        52 21
        53 21
        54 21
        55 21
        56 21
        57 21
        65 21
        66 21
        67 21
        68 21
        69 21
        70 21
        71 21
        72 21
        73 21
        74 21
        75 21
        76 21
        77 21
        78 21
        79 21
        80 21
        81 21
        82 21
        83 21
        84 21
        85 21
        86 21
        87 21
        88 21
        89 21
        90 21
        95 21
        97 79
        98 21
        99 21
        100 21
        101 21
        102 21
        103 21
        104 21
        105 21
        106 21
        107 21
        108 21
        109 21
        110 21
        111 21
        112 21
        113 21
        114 21
        115 21
        116 21
        117 21
        118 21
        119 21
        120 21
        121 21
        122 21
        48 21
        49 21
        50 21
        51 21
        52 21
        53 21
        54 21
        55 21
        56 21
        57 21
        65 21
        66 21
        67 21
        68 21
        69 21
        70 21
        71 21
        72 21
        73 21
        74 21
        75 21
        76 21
        77 21
        78 21
        79 21
        80 21
        81 21
        82 21
        83 21
        84 21
        85 21
        86 21
        87 21
        88 21
        89 21
        90 21
        95 21
        97 21
        98 21
        99 21
        100 21
        101 21
        102 21
        103 21
        104 21
        105 21
        106 21
        107 21
        108 21
        109 21
        110 21
        111 21
        112 21
        113 21
        114 21
        115 21
        116 21
        117 80
        118 21
        119 21
        120 21
        121 21
        122 21
        48 21
        49 21
        50 21
        51 21
        52 21
        53 21
        54 21
        55 21
        56 21
        57 21
        65 21
        66 21
        67 21
        68 21
        69 21
        70 21
        71 21
        72 21
        73 21
        74 21
        75 21
        76 21
        77 21
        78 21
        79 21
        80 21
        81 21
        82 21
        83 21
        84 21
        85 21
        86 21
        87 21
        88 21
        89 21
        90 21
        95 21
        97 21
        98 21
        99 21
        100 21
        101 21
        102 21
        103 21
        104 21
        105 21
        106 21
        107 21
        108 21
        109 21
        110 21
        111 21
        112 21
        113 21
        114 21
        115 81
        116 21
        117 21
        118 21
        119 21
        120 21
        121 21
        122 21
        48 21
        49 21
        50 21
        51 21
        52 21
        53 21
        54 21
        55 21
        56 21
        57 21
        65 21
        66 21
        67 21
        68 21
        69 21
        70 21
        71 21
        72 21
        73 21
        74 21
        75 21
        76 21
        77 21
        78 21
        79 21
        80 21
        81 21
        82 21
        83 21
        84 21
        85 21
        86 21
        87 21
        88 21
        89 21
        90 21
        95 21
        97 21
        98 21
        99 21
        100 82
        101 21
        102 21
        103 21
        104 21
        105 21
        106 21
        107 21
        108 21
        109 21
        110 21
        111 21
        112 21
        113 21
        114 21
        115 21
        116 21
        117 21
        118 21
        119 21
        120 21
        121 21
        122 21
        48 21
        49 21
        50 21
        51 21
        52 21
        53 21
        54 21
        55 21
        56 21
        57 21
        65 21
        66 21
        67 21
        68 21
        69 21
        70 21
        71 21
        72 21
        73 21
        74 21
        75 21
        76 21
        77 21
        78 21
        79 21
        80 21
        81 21
        82 21
        83 21
        84 21
        85 21
        86 21
        87 21
        88 21
        89 21
        90 21
        95 21
        97 21
        98 21
        99 21
        100 21
        101 21
        102 21
        103 21
        104 21
        105 21
        106 21
        107 21
        108 83
        109 21
        110 21
        111 21
        112 21
        113 21
        114 21
        115 21
        116 21
        117 21
        118 21
        119 21
        120 21
        121 21
        122 21
        48 21
        49 21
        50 21
        51 21
        52 21
        53 21
        54 21
        55 21
        56 21
        57 21
        65 21
        66 21
        67 21
        68 21
        69 21
        70 21
        71 21
        72 21
        73 21
        74 21
        75 21
        76 21
        77 21
        78 21
        79 21
        80 21
        81 21
        82 21
        83 21
        84 21
        85 21
        86 21
        87 21
        88 21
        89 21
        90 21
        95 21
        97 21
        98 21
        99 21
        100 21
        101 21
        102 21
        103 21
        104 21
        105 21
        106 21
        107 21
        108 21
        109 21
        110 21
        111 21
        112 21
        113 21
        114 84
        115 21
        116 21
        117 21
        118 21
        119 21
        120 21
        121 21
        122 21
        48 21
        49 21
        50 21
        51 21
        52 21
        53 21
        54 21
        55 21
        56 21
        57 21
        65 21
        66 21
        67 21
        68 21
        69 21
        70 21
        71 21
        72 21
        73 21
        74 21
        75 21
        76 21
        77 21
        78 21
        79 21
        80 21
        81 21
        82 21
        83 21
        84 21
        85 21
        86 21
        87 21
        88 21
        89 21
        90 21
        95 21
        97 21
        98 21
        99 21
        100 21
        101 21
        102 21
        103 21
        104 21
        105 21
        106 21
        107 21
        108 21
        109 21
        110 21
        111 21
        112 21
        113 21
        114 21
        115 21
        116 21
        117 21
        118 21
        119 21
        120 21
        121 21
        122 21
        48 21
        49 21
        50 21
        51 21
        52 21
        53 21
        54 21
        55 21
        56 21
        57 21
        65 21
        66 21
        67 21
        68 21
        69 21
        70 21
        71 21
        72 21
        73 21
        74 21
        75 21
        76 21
        77 21
        78 21
        79 21
        80 21
        81 21
        82 21
        83 21
        84 21
        85 21
        86 21
        87 21
        88 21
        89 21
        90 21
        95 21
        97 21
        98 21
        99 21
        100 21
        101 21
        102 21
        103 21
        104 21
        105 21
        106 21
        107 21
        108 21
        109 21
        110 21
        111 21
        112 21
        113 21
        114 21
        115 21
        116 85
        117 21
        118 21
        119 21
        120 21
        121 21
        122 21
        48 21
        49 21
        50 21
        51 21
        52 21
        53 21
        54 21
        55 21
        56 21
        57 21
        65 21
        66 21
        67 21
        68 21
        69 21
        70 21
        71 21
        72 21
        73 21
        74 21
        75 21
        76 21
        77 21
        78 21
        79 21
        80 21
        81 21
        82 21
        83 21
        84 21
        85 21
        86 21
        87 21
        88 21
        89 21
        90 21
        95 21
        97 86
        98 21
        99 21
        100 21
        101 21
        102 21
        103 21
        104 21
        105 21
        106 21
        107 21
        108 21
        109 21
        110 21
        111 21
        112 21
        113 21
        114 21
        115 21
        116 21
        117 21
        118 21
        119 21
        120 21
        121 21
        122 21
        48 21
        49 21
        50 21
        51 21
        52 21
        53 21
        54 21
        55 21
        56 21
        57 21
        65 21
        66 21
        67 21
        68 21
        69 21
        70 21
        71 21
        72 21
        73 21
        74 21
        75 21
        76 21
        77 21
        78 21
        79 21
        80 21
        81 21
        82 21
        83 21
        84 21
        85 21
        86 21
        87 21
        88 21
        89 21
        90 21
        95 21
        97 21
        98 21
        99 21
        100 21
        101 21
        102 21
        103 21
        104 21
        105 21
        106 21
        107 21
        108 21
        109 21
        110 21
        111 21
        112 21
        113 21
        114 87
        115 21
        116 21
        117 21
        118 21
        119 21
        120 21
        121 21
        122 21
        48 21
        49 21
        50 21
        51 21
        52 21
        53 21
        54 21
        55 21
        56 21
        57 21
        65 21
        66 21
        67 21
        68 21
        69 21
        70 21
        71 21
        72 21
        73 21
        74 21
        75 21
        76 21
        77 21
        78 21
        79 21
        80 21
        81 21
        82 21
        83 21
        84 21
        85 21
        86 21
        87 21
        88 21
        89 21
        90 21
        95 21
        97 21
        98 21
        99 21
        100 21
        101 21
        102 21
        103 21
        104 21
        105 21
        106 21
        107 21
        108 21
        109 21
        110 21
        111 21
        112 21
        113 21
        114 21
        115 21
        116 21
        117 88
        118 21
        119 21
        120 21
        121 21
        122 21
        48 21
        49 21
        50 21
        51 21
        52 21
        53 21
        54 21
        55 21
        56 21
        57 21
        65 21
        66 21
        67 21
        68 21
        69 21
        70 21
        71 21
        72 21
        73 21
        74 21
        75 21
        76 21
        77 21
        78 21
        79 21
        80 21
        81 21
        82 21
        83 21
        84 21
        85 21
        86 21
        87 21
        88 21
        89 21
        90 21
        95 21
        97 21
        98 21
        99 21
        100 21
        101 21
        102 21
        103 21
        104 21
        105 21
        106 21
        107 21
        108 21
        109 21
        110 21
        111 21
        112 21
        113 21
        114 21
        115 21
        116 89
        117 21
        118 21
        119 21
        120 21
        121 21
        122 21
        48 21
        49 21
        50 21
        51 21
        52 21
        53 21
        54 21
        55 21
        56 21
        57 21
        65 21
        66 21
        67 21
        68 21
        69 21
        70 21
        71 21
        72 21
        73 21
        74 21
        75 21
        76 21
        77 21
        78 21
        79 21
        80 21
        81 21
        82 21
        83 21
        84 21
        85 21
        86 21
        87 21
        88 21
        89 21
        90 21
        95 21
        97 21
        98 21
        99 21
        100 21
        101 21
        102 21
        103 21
        104 21
        105 90
        106 21
        107 21
        108 21
        109 21
        110 21
        111 21
        112 21
        113 21
        114 21
        115 21
        116 21
        117 21
        118 21
        119 21
        120 21
        121 21
        122 21
        48 21
        49 21
        50 21
        51 21
        52 21
        53 21
        54 21
        55 21
        56 21
        57 21
        65 21
        66 21
        67 21
        68 21
        69 21
        70 21
        71 21
        72 21
        73 21
        74 21
        75 21
        76 21
        77 21
        78 21
        79 21
        80 21
        81 21
        82 21
        83 21
        84 21
        85 21
        86 21
        87 21
        88 21
        89 21
        90 21
        95 21
        97 21
        98 21
        99 21
        100 21
        101 91
        102 21
        103 21
        104 21
        105 92
        106 21
        107 21
        108 21
        109 21
        110 21
        111 21
        112 21
        113 21
        114 21
        115 21
        116 21
        117 21
        118 21
        119 21
        120 21
        121 21
        122 21
        48 21
        49 21
        50 21
        51 21
        52 21
        53 21
        54 21
        55 21
        56 21
        57 21
        65 21
        66 21
        67 21
        68 21
        69 21
        70 21
        71 21
        72 21
        73 21
        74 21
        75 21
        76 21
        77 21
        78 21
        79 21
        80 21
        81 21
        82 21
        83 21
        84 21
        85 21
        86 21
        87 21
        88 21
        89 21
        90 21
        95 21
        97 21
        98 21
        99 21
        100 21
        101 21
        102 21
        103 21
        104 21
        105 93
        106 21
        107 21
        108 21
        109 21
        110 21
        111 21
        112 21
        113 21
        114 21
        115 21
        116 21
        117 21
        118 21
        119 21
        120 21
        121 21
        122 21
        9 74
        32 74
        33 74
        34 74
        35 74
        36 74
        37 74
        38 74
        39 74
        40 74
        41 74
        42 74
        43 74
        44 74
        45 74
        46 74
        47 74
        48 74
        49 74
        50 74
        51 74
        52 74
        53 74
        54 74
        55 74
        56 74
        57 74
        58 74
        59 74
        60 74
        61 74
        62 74
        63 74
        64 74
        65 74
        66 74
        67 74
        68 74
        69 74
        70 74
        71 74
        72 74
        73 74
        74 74
        75 74
        76 74
        77 74
        78 74
        79 74
        80 74
        81 74
        82 74
        83 74
        84 74
        85 74
        86 74
        87 74
        88 74
        89 74
        90 74
        91 74
        92 74
        93 74
        94 74
        95 74
        96 74
        97 74
        98 74
        99 74
        100 74
        101 74
        102 74
        103 74
        104 74
        105 74
        106 74
        107 74
        108 74
        109 74
        110 74
        111 74
        112 74
        113 74
        114 74
        115 74
        116 74
        117 74
        118 74
        119 74
        120 74
        121 74
        122 74
        123 74
        124 74
        125 74
        126 74
        161 74
        162 74
        163 74
        164 74
        165 74
        166 74
        167 74
        168 74
        169 74
        170 74
        171 74
        172 74
        173 74
        174 74
        175 74
        176 74
        177 74
        178 74
        179 74
        180 74
        181 74
        182 74
        183 74
        184 74
        185 74
        186 74
        187 74
        188 74
        189 74
        190 74
        191 74
        192 74
        193 74
        194 74
        195 74
        196 74
        197 74
        198 74
        199 74
        200 74
        201 74
        202 74
        203 74
        204 74
        205 74
        206 74
        207 74
        208 74
        209 74
        210 74
        211 74
        212 74
        213 74
        214 74
        215 74
        216 74
        217 74
        218 74
        219 74
        220 74
        221 74
        222 74
        223 74
        224 74
        225 74
        226 74
        227 74
        228 74
        229 74
        230 74
        231 74
        232 74
        233 74
        234 74
        235 74
        236 74
        237 74
        238 74
        239 74
        240 74
        241 74
        242 74
        243 74
        244 74
        245 74
        246 74
        247 74
        248 74
        249 74
        250 74
        251 74
        252 74
        253 74
        254 74
        255 74
        48 75
        49 75
        50 75
        51 75
        52 75
        53 75
        54 75
        55 75
        56 75
        57 75
        48 21
        49 21
        50 21
        51 21
        52 21
        53 21
        54 21
        55 21
        56 21
        57 21
        65 21
        66 21
        67 21
        68 21
        69 21
        70 21
        71 21
        72 21
        73 21
        74 21
        75 21
        76 21
        77 21
        78 21
        79 21
        80 21
        81 21
        82 21
        83 21
        84 21
        85 21
        86 21
        87 21
        88 21
        89 21
        90 21
        95 21
        97 21
        98 21
        99 21
        100 21
        101 21
        102 21
        103 21
        104 21
        105 94
        106 21
        107 21
        108 21
        109 21
        110 21
        111 21
        112 21
        113 21
        114 21
        115 21
        116 21
        117 21
        118 21
        119 21
        120 21
        121 21
        122 21
        48 21
        49 21
        50 21
        51 21
        52 21
        53 21
        54 21
        55 21
        56 21
        57 21
        65 21
        66 21
        67 21
        68 21
        69 21
        70 21
        71 21
        72 21
        73 21
        74 21
        75 21
        76 21
        77 21
        78 21
        79 21
        80 21
        81 21
        82 21
        83 21
        84 21
        85 21
        86 21
        87 21
        88 21
        89 21
        90 21
        95 21
        97 21
        98 21
        99 21
        100 21
        101 21
        102 21
        103 21
        104 21
        105 21
        106 21
        107 21
        108 95
        109 21
        110 21
        111 21
        112 21
        113 21
        114 21
        115 21
        116 21
        117 21
        118 21
        119 21
        120 21
        121 21
        122 21
        48 21
        49 21
        50 21
        51 21
        52 21
        53 21
        54 21
        55 21
        56 21
        57 21
        65 21
        66 21
        67 21
        68 21
        69 21
        70 21
        71 21
        72 21
        73 21
        74 21
        75 21
        76 21
        77 21
        78 21
        79 21
        80 21
        81 21
        82 21
        83 21
        84 21
        85 21
        86 21
        87 21
        88 21
        89 21
        90 21
        95 21
        97 21
        98 21
        99 21
        100 21
        101 96
        102 21
        103 21
        104 21
        105 21
        106 21
        107 21
        108 21
        109 21
        110 21
        111 21
        112 21
        113 21
        114 21
        115 21
        116 21
        117 21
        118 21
        119 21
        120 21
        121 21
        122 21
        48 21
        49 21
        50 21
        51 21
        52 21
        53 21
        54 21
        55 21
        56 21
        57 21
        65 21
        66 21
        67 21
        68 21
        69 21
        70 21
        71 21
        72 21
        73 21
        74 21
        75 21
        76 21
        77 21
        78 21
        79 21
        80 21
        81 21
        82 21
        83 21
        84 21
        85 21
        86 21
        87 21
        88 21
        89 21
        90 21
        95 21
        97 21
        98 21
        99 21
        100 21
        101 21
        102 21
        103 21
        104 21
        105 21
        106 21
        107 21
        108 21
        109 21
        110 21
        111 21
        112 21
        113 21
        114 97
        115 21
        116 21
        117 21
        118 21
        119 21
        120 21
        121 21
        122 21
        48 21
        49 21
        50 21
        51 21
        52 21
        53 21
        54 21
        55 21
        56 21
        57 21
        65 21
        66 21
        67 21
        68 21
        69 21
        70 21
        71 21
        72 21
        73 21
        74 21
        75 21
        76 21
        77 21
        78 21
        79 21
        80 21
        81 21
        82 21
        83 21
        84 21
        85 21
        86 21
        87 21
        88 21
        89 21
        90 21
        95 21
        97 21
        98 98
        99 21
        100 21
        101 21
        102 21
        103 21
        104 21
        105 21
        106 21
        107 21
        108 21
        109 21
        110 21
        111 21
        112 21
        113 21
        114 21
        115 21
        116 21
        117 21
        118 21
        119 21
        120 21
        121 21
        122 21
        48 21
        49 21
        50 21
        51 21
        52 21
        53 21
        54 21
        55 21
        56 21
        57 21
        65 21
        66 21
        67 21
        68 21
        69 21
        70 21
        71 21
        72 21
        73 21
        74 21
        75 21
        76 21
        77 21
        78 21
        79 21
        80 21
        81 21
        82 21
        83 21
        84 21
        85 21
        86 21
        87 21
        88 21
        89 21
        90 21
        95 21
        97 21
        98 21
        99 21
        100 21
        101 99
        102 21
        103 21
        104 21
        105 21
        106 21
        107 21
        108 21
        109 21
        110 21
        111 21
        112 21
        113 21
        114 21
        115 21
        116 21
        117 21
        118 21
        119 21
        120 21
        121 21
        122 21
        48 21
        49 21
        50 21
        51 21
        52 21
        53 21
        54 21
        55 21
        56 21
        57 21
        65 21
        66 21
        67 21
        68 21
        69 21
        70 21
        71 21
        72 21
        73 21
        74 21
        75 21
        76 21
        77 21
        78 21
        79 21
        80 21
        81 21
        82 21
        83 21
        84 21
        85 21
        86 21
        87 21
        88 21
        89 21
        90 21
        95 21
        97 21
        98 21
        99 21
        100 21
        101 21
        102 21
        103 21
        104 21
        105 21
        106 21
        107 21
        108 21
        109 21
        110 21
        111 21
        112 21
        113 21
        114 21
        115 21
        116 21
        117 21
        118 21
        119 21
        120 21
        121 21
        122 21
        48 21
        49 21
        50 21
        51 21
        52 21
        53 21
        54 21
        55 21
        56 21
        57 21
        65 21
        66 21
        67 21
        68 21
        69 21
        70 21
        71 21
        72 21
        73 21
        74 21
        75 21
        76 21
        77 21
        78 21
        79 21
        80 21
        81 21
        82 21
        83 21
        84 21
        85 21
        86 21
        87 21
        88 21
        89 21
        90 21
        95 21
        97 21
        98 21
        99 21
        100 21
        101 21
        102 21
        103 21
        104 21
        105 21
        106 21
        107 21
        108 21
        109 21
        110 21
        111 21
        112 21
        113 21
        114 21
        115 100
        116 21
        117 21
        118 21
        119 21
        120 21
        121 21
        122 21
        48 21
        49 21
        50 21
        51 21
        52 21
        53 21
        54 21
        55 21
        56 21
        57 21
        65 21
        66 21
        67 21
        68 21
        69 21
        70 21
        71 21
        72 21
        73 21
        74 21
        75 21
        76 21
        77 21
        78 21
        79 21
        80 21
        81 21
        82 21
        83 21
        84 21
        85 21
        86 21
        87 21
        88 21
        89 21
        90 21
        95 21
        97 21
        98 21
        99 21
        100 21
        101 101
        102 21
        103 21
        104 21
        105 21
        106 21
        107 21
        108 21
        109 21
        110 21
        111 21
        112 21
        113 21
        114 21
        115 21
        116 21
        117 21
        118 21
        119 21
        120 21
        121 21
        122 21
        48 21
        49 21
        50 21
        51 21
        52 21
        53 21
        54 21
        55 21
        56 21
        57 21
        65 21
        66 21
        67 21
        68 21
        69 21
        70 21
        71 21
        72 21
        73 21
        74 21
        75 21
        76 21
        77 21
        78 21
        79 21
        80 21
        81 21
        82 21
        83 21
        84 21
        85 21
        86 21
        87 21
        88 21
        89 21
        90 21
        95 21
        97 21
        98 21
        99 21
        100 21
        101 21
        102 21
        103 21
        104 21
        105 21
        106 21
        107 21
        108 21
        109 21
        110 21
        111 21
        112 21
        113 21
        114 21
        115 21
        116 21
        117 21
        118 21
        119 21
        120 21
        121 21
        122 21
        48 21
        49 21
        50 21
        51 21
        52 21
        53 21
        54 21
        55 21
        56 21
        57 21
        65 21
        66 21
        67 21
        68 21
        69 21
        70 21
        71 21
        72 21
        73 21
        74 21
        75 21
        76 21
        77 21
        78 21
        79 21
        80 21
        81 21
        82 21
        83 21
        84 21
        85 21
        86 21
        87 21
        88 21
        89 21
        90 21
        95 21
        97 21
        98 21
        99 21
        100 102
        101 21
        102 21
        103 21
        104 21
        105 21
        106 21
        107 21
        108 21
        109 21
        110 21
        111 21
        112 21
        113 21
        114 21
        115 21
        116 21
        117 21
        118 21
        119 21
        120 21
        121 21
        122 21
        48 21
        49 21
        50 21
        51 21
        52 21
        53 21
        54 21
        55 21
        56 21
        57 21
        65 21
        66 21
        67 21
        68 21
        69 21
        70 21
        71 21
        72 21
        73 21
        74 21
        75 21
        76 21
        77 21
        78 21
        79 21
        80 21
        81 21
        82 21
        83 21
        84 21
        85 21
        86 21
        87 21
        88 21
        89 21
        90 21
        95 21
        97 21
        98 21
        99 21
        100 21
        101 21
        102 21
        103 21
        104 21
        105 103
        106 21
        107 21
        108 21
        109 21
        110 21
        111 21
        112 21
        113 21
        114 21
        115 21
        116 21
        117 21
        118 21
        119 21
        120 21
        121 21
        122 21
        48 21
        49 21
        50 21
        51 21
        52 21
        53 21
        54 21
        55 21
        56 21
        57 21
        65 21
        66 21
        67 21
        68 21
        69 21
        70 21
        71 21
        72 21
        73 21
        74 21
        75 21
        76 21
        77 21
        78 21
        79 21
        80 21
        81 21
        82 21
        83 21
        84 21
        85 21
        86 21
        87 21
        88 21
        89 21
        90 21
        95 21
        97 21
        98 21
        99 21
        100 21
        101 104
        102 21
        103 21
        104 21
        105 21
        106 21
        107 21
        108 21
        109 21
        110 21
        111 21
        112 21
        113 21
        114 21
        115 21
        116 21
        117 21
        118 21
        119 21
        120 21
        121 21
        122 21
        48 21
        49 21
        50 21
        51 21
        52 21
        53 21
        54 21
        55 21
        56 21
        57 21
        65 21
        66 21
        67 21
        68 21
        69 21
        70 21
        71 21
        72 21
        73 21
        74 21
        75 21
        76 21
        77 21
        78 21
        79 21
        80 21
        81 21
        82 21
        83 21
        84 21
        85 21
        86 21
        87 21
        88 21
        89 21
        90 21
        95 21
        97 21
        98 21
        99 21
        100 21
        101 21
        102 21
        103 21
        104 21
        105 21
        106 21
        107 21
        108 21
        109 21
        110 21
        111 21
        112 21
        113 21
        114 21
        115 21
        116 21
        117 21
        118 21
        119 21
        120 21
        121 21
        122 21
        48 21
        49 21
        50 21
        51 21
        52 21
        53 21
        54 21
        55 21
        56 21
        57 21
        65 21
        66 21
        67 21
        68 21
        69 21
        70 21
        71 21
        72 21
        73 21
        74 21
        75 21
        76 21
        77 21
        78 21
        79 21
        80 21
        81 21
        82 21
        83 21
        84 21
        85 21
        86 21
        87 21
        88 21
        89 21
        90 21
        95 21
        97 21
        98 21
        99 21
        100 105
        101 21
        102 21
        103 21
        104 21
        105 21
        106 21
        107 21
        108 21
        109 21
        110 21
        111 21
        112 21
        113 21
        114 21
        115 21
        116 21
        117 21
        118 21
        119 21
        120 21
        121 21
        122 21
        48 21
        49 21
        50 21
        51 21
        52 21
        53 21
        54 21
        55 21
        56 21
        57 21
        65 21
        66 21
        67 21
        68 21
        69 21
        70 21
        71 21
        72 21
        73 21
        74 21
        75 21
        76 21
        77 21
        78 21
        79 21
        80 21
        81 21
        82 21
        83 21
        84 21
        85 21
        86 21
        87 21
        88 21
        89 21
        90 21
        95 21
        97 21
        98 21
        99 21
        100 21
        101 21
        102 21
        103 21
        104 21
        105 21
        106 21
        107 21
        108 21
        109 21
        110 106
        111 21
        112 21
        113 21
        114 21
        115 21
        116 21
        117 21
        118 21
        119 21
        120 21
        121 21
        122 21
        48 21
        49 21
        50 21
        51 21
        52 21
        53 21
        54 21
        55 21
        56 21
        57 21
        65 21
        66 21
        67 21
        68 21
        69 21
        70 21
        71 21
        72 21
        73 21
        74 21
        75 21
        76 21
        77 21
        78 21
        79 21
        80 21
        81 21
        82 21
        83 21
        84 21
        85 21
        86 21
        87 21
        88 21
        89 21
        90 21
        95 21
        97 21
        98 21
        99 21
        100 21
        101 21
        102 21
        103 21
        104 21
        105 21
        106 21
        107 21
        108 107
        109 21
        110 21
        111 21
        112 21
        113 21
        114 21
        115 21
        116 21
        117 21
        118 21
        119 21
        120 21
        121 21
        122 21
        48 21
        49 21
        50 21
        51 21
        52 21
        53 21
        54 21
        55 21
        56 21
        57 21
        65 21
        66 21
        67 21
        68 21
        69 21
        70 21
        71 21
        72 21
        73 21
        74 21
        75 21
        76 21
        77 21
        78 21
        79 21
        80 21
        81 21
        82 21
        83 21
        84 21
        85 21
        86 21
        87 21
        88 21
        89 21
        90 21
        95 21
        97 21
        98 21
        99 21
        100 21
        101 21
        102 21
        103 21
        104 21
        105 21
        106 21
        107 21
        108 21
        109 21
        110 21
        111 21
        112 21
        113 21
        114 21
        115 21
        116 108
        117 21
        118 21
        119 21
        120 21
        121 21
        122 21
        48 21
        49 21
        50 21
        51 21
        52 21
        53 21
        54 21
        55 21
        56 21
        57 21
        65 21
        66 21
        67 21
        68 21
        69 21
        70 21
        71 21
        72 21
        73 21
        74 21
        75 21
        76 21
        77 21
        78 21
        79 21
        80 21
        81 21
        82 21
        83 21
        84 21
        85 21
        86 21
        87 21
        88 21
        89 21
        90 21
        95 21
        97 21
        98 21
        99 21
        100 21
        101 21
        102 21
        103 21
        104 21
        105 21
        106 21
        107 21
        108 21
        109 21
        110 109
        111 21
        112 21
        113 21
        114 21
        115 21
        116 21
        117 21
        118 21
        119 21
        120 21
        121 21
        122 21
        48 21
        49 21
        50 21
        51 21
        52 21
        53 21
        54 21
        55 21
        56 21
        57 21
        65 21
        66 21
        67 21
        68 21
        69 21
        70 21
        71 21
        72 21
        73 21
        74 21
        75 21
        76 21
        77 21
        78 21
        79 21
        80 21
        81 21
        82 21
        83 21
        84 21
        85 21
        86 21
        87 21
        88 21
        89 21
        90 21
        95 21
        97 21
        98 21
        99 21
        100 21
        101 21
        102 21
        103 21
        104 21
        105 21
        106 21
        107 21
        108 21
        109 21
        110 21
        111 21
        112 21
        113 21
        114 21
        115 21
        116 21
        117 21
        118 21
        119 21
        120 21
        121 21
        122 21
        48 21
        49 21
        50 21
        51 21
        52 21
        53 21
        54 21
        55 21
        56 21
        57 21
        65 21
        66 21
        67 21
        68 21
        69 21
        70 21
        71 21
        72 21
        73 21
        74 21
        75 21
        76 21
        77 21
        78 21
        79 21
        80 21
        81 21
        82 21
        83 21
        84 21
        85 21
        86 21
        87 21
        88 21
        89 21
        90 21
        95 21
        97 21
        98 21
        99 21
        100 21
        101 21
        102 21
        103 21
        104 21
        105 21
        106 21
        107 21
        108 21
        109 21
        110 21
        111 21
        112 21
        113 21
        114 21
        115 21
        116 21
        117 21
        118 21
        119 21
        120 21
        121 21
        122 21
        48 21
        49 21
        50 21
        51 21
        52 21
        53 21
        54 21
        55 21
        56 21
        57 21
        65 21
        66 21
        67 21
        68 21
        69 21
        70 21
        71 21
        72 21
        73 21
        74 21
        75 21
        76 21
        77 21
        78 21
        79 21
        80 21
        81 21
        82 21
        83 21
        84 21
        85 21
        86 21
        87 21
        88 21
        89 21
        90 21
        95 21
        97 21
        98 21
        99 21
        100 21
        101 21
        102 21
        103 21
        104 21
        105 21
        106 21
        107 21
        108 21
        109 21
        110 21
        111 21
        112 21
        113 21
        114 21
        115 21
        116 21
        117 21
        118 21
        119 21
        120 21
        121 21
        122 21
        48 21
        49 21
        50 21
        51 21
        52 21
        53 21
        54 21
        55 21
        56 21
        57 21
        65 21
        66 21
        67 21
        68 21
        69 21
        70 21
        71 21
        72 21
        73 21
        74 21
        75 21
        76 21
        77 21
        78 21
        79 21
        80 21
        81 21
        82 21
        83 21
        84 21
        85 21
        86 21
        87 21
        88 21
        89 21
        90 21
        95 21
        97 21
        98 21
        99 21
        100 21
        101 21
        102 21
        103 21
        104 21
        105 21
        106 21
        107 21
        108 110
        109 21
        110 21
        111 21
        112 21
        113 21
        114 21
        115 21
        116 21
        117 21
        118 21
        119 21
        120 21
        121 21
        122 21
        48 21
        49 21
        50 21
        51 21
        52 21
        53 21
        54 21
        55 21
        56 21
        57 21
        65 21
        66 21
        67 21
        68 21
        69 21
        70 21
        71 21
        72 21
        73 21
        74 21
        75 21
        76 21
        77 21
        78 21
        79 21
        80 21
        81 21
        82 21
        83 21
        84 21
        85 21
        86 21
        87 21
        88 21
        89 21
        90 21
        95 21
        97 21
        98 21
        99 21
        100 21
        101 21
        102 21
        103 21
        104 21
        105 21
        106 21
        107 21
        108 21
        109 21
        110 21
        111 21
        112 21
        113 21
        114 21
        115 21
        116 21
        117 21
        118 21
        119 21
        120 21
        121 21
        122 21
        48 21
        49 21
        50 21
        51 21
        52 21
        53 21
        54 21
        55 21
        56 21
        57 21
        65 21
        66 21
        67 21
        68 21
        69 21
        70 21
        71 21
        72 21
        73 21
        74 21
        75 21
        76 21
        77 21
        78 21
        79 21
        80 21
        81 21
        82 21
        83 21
        84 21
        85 21
        86 21
        87 21
        88 21
        89 21
        90 21
        95 21
        97 21
        98 21
        99 21
        100 21
        101 111
        102 21
        103 21
        104 21
        105 21
        106 21
        107 21
        108 21
        109 21
        110 21
        111 21
        112 21
        113 21
        114 21
        115 21
        116 21
        117 21
        118 21
        119 21
        120 21
        121 21
        122 21
        48 21
        49 21
        50 21
        51 21
        52 21
        53 21
        54 21
        55 21
        56 21
        57 21
        65 21
        66 21
        67 21
        68 21
        69 21
        70 21
        71 21
        72 21
        73 21
        74 21
        75 21
        76 21
        77 21
        78 21
        79 21
        80 21
        81 21
        82 21
        83 21
        84 21
        85 21
        86 21
        87 21
        88 21
        89 21
        90 21
        95 21
        97 112
        98 21
        99 21
        100 21
        101 21
        102 21
        103 21
        104 21
        105 21
        106 21
        107 21
        108 21
        109 21
        110 21
        111 21
        112 21
        113 21
        114 21
        115 21
        116 21
        117 21
        118 21
        119 21
        120 21
        121 21
        122 21
        48 21
        49 21
        50 21
        51 21
        52 21
        53 21
        54 21
        55 21
        56 21
        57 21
        65 21
        66 21
        67 21
        68 21
        69 21
        70 21
        71 21
        72 21
        73 21
        74 21
        75 21
        76 21
        77 21
        78 21
        79 21
        80 21
        81 21
        82 21
        83 21
        84 21
        85 21
        86 21
        87 21
        88 21
        89 21
        90 21
        95 21
        97 21
        98 21
        99 21
        100 21
        101 21
        102 21
        103 21
        104 21
        105 21
        106 21
        107 21
        108 21
        109 21
        110 21
        111 21
        112 21
        113 21
        114 21
        115 21
        116 21
        117 21
        118 21
        119 21
        120 21
        121 21
        122 21
        48 21
        49 21
        50 21
        51 21
        52 21
        53 21
        54 21
        55 21
        56 21
        57 21
        65 21
        66 21
        67 21
        68 21
        69 21
        70 21
        71 21
        72 21
        73 21
        74 21
        75 21
        76 21
        77 21
        78 21
        79 21
        80 21
        81 21
        82 21
        83 21
        84 21
        85 21
        86 21
        87 21
        88 21
        89 21
        90 21
        95 21
        97 21
        98 21
        99 21
        100 21
        101 21
        102 21
        103 21
        104 21
        105 21
        106 21
        107 21
        108 21
        109 21
        110 113
        111 21
        112 21
        113 21
        114 21
        115 21
        116 21
        117 21
        118 21
        119 21
        120 21
        121 21
        122 21
        48 21
        49 21
        50 21
        51 21
        52 21
        53 21
        54 21
        55 21
        56 21
        57 21
        65 21
        66 21
        67 21
        68 21
        69 21
        70 21
        71 21
        72 21
        73 21
        74 21
        75 21
        76 21
        77 21
        78 21
        79 21
        80 21
        81 21
        82 21
        83 21
        84 21
        85 21
        86 21
        87 21
        88 21
        89 21
        90 21
        95 21
        97 21
        98 21
        99 21
        100 21
        101 21
        102 21
        103 21
        104 21
        105 21
        106 21
        107 21
        108 21
        109 21
        110 21
        111 21
        112 21
        113 21
        114 21
        115 21
        116 21
        117 21
        118 21
        119 21
        120 21
        121 21
        122 21
        48 21
        49 21
        50 21
        51 21
        52 21
        53 21
        54 21
        55 21
        56 21
        57 21
        65 21
        66 21
        67 21
        68 21
        69 21
        70 21
        71 21
        72 21
        73 21
        74 21
        75 21
        76 21
        77 21
        78 21
        79 21
        80 21
        81 21
        82 21
        83 21
        84 21
        85 21
        86 21
        87 21
        88 21
        89 21
        90 21
        95 21
        97 21
        98 21
        99 21
        100 21
        101 21
        102 21
        103 21
        104 21
        105 21
        106 21
        107 21
        108 21
        109 21
        110 21
        111 21
        112 21
        113 21
        114 21
        115 21
        116 21
        117 21
        118 21
        119 21
        120 21
        121 21
        122 21
        48 21
        49 21
        50 21
        51 21
        52 21
        53 21
        54 21
        55 21
        56 21
        57 21
        65 21
        66 21
        67 21
        68 21
        69 21
        70 21
        71 21
        72 21
        73 21
        74 21
        75 21
        76 21
        77 21
        78 21
        79 21
        80 21
        81 21
        82 21
        83 21
        84 21
        85 21
        86 21
        87 21
        88 21
        89 21
        90 21
        95 21
        97 21
        98 21
        99 21
        100 21
        101 21
        102 21
        103 21
        104 21
        105 21
        106 21
        107 21
        108 21
        109 21
        110 21
        111 21
        112 21
        113 21
        114 21
        115 21
        116 21
        117 21
        118 21
        119 21
        120 21
        121 21
        122 21
        48 21
        49 21
        50 21
        51 21
        52 21
        53 21
        54 21
        55 21
        56 21
        57 21
        65 21
        66 21
        67 21
        68 21
        69 21
        70 21
        71 21
        72 21
        73 21
        74 21
        75 21
        76 21
        77 21
        78 21
        79 21
        80 21
        81 21
        82 21
        83 21
        84 21
        85 21
        86 21
        87 21
        88 21
        89 21
        90 21
        95 21
        97 21
        98 21
        99 21
        100 21
        101 114
        102 21
        103 21
        104 21
        105 21
        106 21
        107 21
        108 21
        109 21
        110 21
        111 21
        112 21
        113 21
        114 21
        115 21
        116 21
        117 21
        118 21
        119 21
        120 21
        121 21
        122 21
        48 21
        49 21
        50 21
        51 21
        52 21
        53 21
        54 21
        55 21
        56 21
        57 21
        65 21
        66 21
        67 21
        68 21
        69 21
        70 21
        71 21
        72 21
        73 21
        74 21
        75 21
        76 21
        77 21
        78 21
        79 21
        80 21
        81 21
        82 21
        83 21
        84 21
        85 21
        86 21
        87 21
        88 21
        89 21
        90 21
        95 21
        97 21
        98 21
        99 21
        100 21
        101 115
        102 21
        103 21
        104 21
        105 21
        106 21
        107 21
        108 21
        109 21
        110 21
        111 21
        112 21
        113 21
        114 21
        115 21
        116 21
        117 21
        118 21
        119 21
        120 21
        121 21
        122 21
        48 21
        49 21
        50 21
        51 21
        52 21
        53 21
        54 21
        55 21
        56 21
        57 21
        65 21
        66 21
        67 21
        68 21
        69 21
        70 21
        71 21
        72 21
        73 21
        74 21
        75 21
        76 21
        77 21
        78 21
        79 21
        80 21
        81 21
        82 21
        83 21
        84 21
        85 21
        86 21
        87 21
        88 21
        89 21
        90 21
        95 21
        97 21
        98 21
        99 21
        100 21
        101 21
        102 21
        103 21
        104 21
        105 21
        106 21
        107 21
        108 21
        109 21
        110 21
        111 21
        112 21
        113 21
        114 21
        115 21
        116 21
        117 21
        118 21
        119 21
        120 21
        121 21
        122 21
        48 21
        49 21
        50 21
        51 21
        52 21
        53 21
        54 21
        55 21
        56 21
        57 21
        65 21
        66 21
        67 21
        68 21
        69 21
        70 21
        71 21
        72 21
        73 21
        74 21
        75 21
        76 21
        77 21
        78 21
        79 21
        80 21
        81 21
        82 21
        83 21
        84 21
        85 21
        86 21
        87 21
        88 21
        89 21
        90 21
        95 21
        97 21
        98 21
        99 21
        100 21
        101 116
        102 21
        103 21
        104 21
        105 21
        106 21
        107 21
        108 21
        109 21
        110 21
        111 21
        112 21
        113 21
        114 21
        115 21
        116 21
        117 21
        118 21
        119 21
        120 21
        121 21
        122 21
        48 21
        49 21
        50 21
        51 21
        52 21
        53 21
        54 21
        55 21
        56 21
        57 21
        65 21
        66 21
        67 21
        68 21
        69 21
        70 21
        71 21
        72 21
        73 21
        74 21
        75 21
        76 21
        77 21
        78 21
        79 21
        80 21
        81 21
        82 21
        83 21
        84 21
        85 21
        86 21
        87 21
        88 21
        89 21
        90 21
        95 21
        97 21
        98 21
        99 21
        100 21
        101 21
        102 21
        103 21
        104 21
        105 21
        106 21
        107 21
        108 21
        109 21
        110 21
        111 21
        112 21
        113 21
        114 21
        115 21
        116 21
        117 21
        118 21
        119 21
        120 21
        121 21
        122 21
        48 21
        49 21
        50 21
        51 21
        52 21
        53 21
        54 21
        55 21
        56 21
        57 21
        65 21
        66 21
        67 21
        68 21
        69 21
        70 21
        71 21
        72 21
        73 21
        74 21
        75 21
        76 21
        77 21
        78 21
        79 21
        80 21
        81 21
        82 21
        83 21
        84 21
        85 21
        86 21
        87 21
        88 21
        89 21
        90 21
        95 21
        97 21
        98 21
        99 117
        100 21
        101 21
        102 21
        103 21
        104 21
        105 21
        106 21
        107 21
        108 21
        109 21
        110 21
        111 21
        112 21
        113 21
        114 21
        115 21
        116 21
        117 21
        118 21
        119 21
        120 21
        121 21
        122 21
        48 21
        49 21
        50 21
        51 21
        52 21
        53 21
        54 21
        55 21
        56 21
        57 21
        65 21
        66 21
        67 21
        68 21
        69 21
        70 21
        71 21
        72 21
        73 21
        74 21
        75 21
        76 21
        77 21
        78 21
        79 21
        80 21
        81 21
        82 21
        83 21
        84 21
        85 21
        86 21
        87 21
        88 21
        89 21
        90 21
        95 21
        97 21
        98 21
        99 21
        100 21
        101 21
        102 21
        103 118
        104 21
        105 21
        106 21
        107 21
        108 21
        109 21
        110 21
        111 21
        112 21
        113 21
        114 21
        115 21
        116 21
        117 21
        118 21
        119 21
        120 21
        121 21
        122 21
        48 21
        49 21
        50 21
        51 21
        52 21
        53 21
        54 21
        55 21
        56 21
        57 21
        65 21
        66 21
        67 21
        68 21
        69 21
        70 21
        71 21
        72 21
        73 21
        74 21
        75 21
        76 21
        77 21
        78 21
        79 21
        80 21
        81 21
        82 21
        83 21
        84 21
        85 21
        86 21
        87 21
        88 21
        89 21
        90 21
        95 21
        97 21
        98 21
        99 21
        100 21
        101 21
        102 21
        103 21
        104 21
        105 21
        106 21
        107 21
        108 21
        109 21
        110 21
        111 21
        112 21
        113 21
        114 21
        115 21
        116 21
        117 21
        118 21
        119 21
        108 21
        109 21
        110 21
        111 21
        112 21
        113 21
        114 21
        115 21
        116 21
        117 21
        118 21
        119 21
        120 21
        121 21
        122 21
        48 21
        49 21
        50 21
        51 21
        52 21
        53 21
        54 21
        55 21
        56 21
        57 21
        65 21
        66 21
        67 21
        68 21
        69 21
        70 21
        71 21
        72 21
        73 21
        74 21
        75 21
        76 21
        77 21
        78 21
        79 21
        80 21
        81 21
        82 21
        83 21
        84 21
        85 21
        86 21
        87 21
        88 21
        89 21
        90 21
        95 21
        97 21
        98 21
        99 21
        100 21
        101 21
        102 21
        103 21
        104 21
        105 21
        106 21
        107 21
        108 21
        109 21
        110 21
        111 21
        112 21
        113 21
        114 21
        115 21
        116 21
        117 21
        118 21
        119 21
        120 21
        121 21
        122 21
        48 21
        49 21
        50 21
        51 21
        52 21
        53 21
        54 21
        55 21
        56 21
        57 21
        65 21
        66 21
        67 21
        68 21
        69 21
        70 21
        71 21
        72 21
        73 21
        74 21
        75 21
        76 21
        77 21
        78 21
        79 21
        80 21
        81 21
        82 21
        83 21
        84 21
        85 21
        86 21
        87 21
        88 21
        89 21
        90 21
        95 21
        97 21
        98 21
        99 21
        100 21
        101 21
        102 21
        103 21
        104 119
        105 21
        106 21
        107 21
        108 21
        109 21
        110 21
        111 21
        112 21
        113 21
        114 21
        115 21
        116 21
        117 21
        118 21
        119 21
        120 21
        121 21
        122 21
        48 21
        49 21
        50 21
        51 21
        52 21
        53 21
        54 21
        55 21
        56 21
        57 21
        65 21
        66 21
        67 21
        68 21
        69 21
        70 21
        71 21
        72 21
        73 21
        74 21
        75 21
        76 21
        77 21
        78 21
        79 21
        80 21
        81 21
        82 21
        83 21
        84 21
        85 21
        86 21
        87 21
        88 21
        89 21
        90 21
        95 21
        97 21
        98 21
        99 21
        100 21
        101 21
        102 21
        103 21
        104 21
        105 21
        106 21
        107 21
        108 21
        109 21
        110 21
        111 21
        112 21
        113 21
        114 21
        115 21
        116 21
        117 21
        118 21
        119 21
        120 21
        121 21
        122 21
        48 21
        49 21
        50 21
        51 21
        52 21
        53 21
        54 21
        55 21
        56 21
        57 21
        65 21
        66 21
        67 21
        68 21
        69 21
        70 21
        71 21
        72 21
        73 21
        74 21
        75 21
        76 21
        77 21
        78 21
        79 21
        80 21
        81 21
        82 21
        83 21
        84 21
        85 21
        86 21
        87 21
        88 21
        89 21
        90 21
        95 21
        97 21
        98 21
        99 21
        100 21
        101 21
        102 21
        103 21
        104 21
        105 21
        106 21
        107 21
        108 21
        109 21
        110 21
        111 21
        112 21
        113 21
        114 21
        115 21
        116 21
        117 21
        118 21
        119 21
        120 21
        121 21
        122 21
        120 21
        121 21
        122 21
        48 21
        49 21
        50 21
        51 21
        52 21
        53 21
        54 21
        55 21
        56 21
        57 21
        65 21
        66 21
        67 21
        68 21
        69 21
        70 21
        71 21
        72 21
        73 21
        74 21
        75 21
        76 21
        77 21
        78 21
        79 21
        80 21
        81 21
        82 21
        83 21
        84 21
        85 21
        86 21
        87 21
        88 21
        89 21
        90 21
        95 21
        97 21
        98 21
        99 21
        100 21
        101 21
        102 21
        103 21
        104 21
        105 21
        106 21
        107 21
    

   

